0111100000000000000000110100000000000000000000000000000011110000
1000010000000000000011110100000000000000000000000000000100111100
1011001000000000000010000000000011000000000000110000000010001100
0000010000000000000100100000000000010000000001001000000011100000
1101100000000000000110110000001000010000000011010000000001010000
1000000000000000000001010000000000000011000010100000000000111000
0101000100000000000000011000000100010011000110000000000000001000
0111001110000000000000110000001010000000001010000000000001110000
0000010101000000000000111000100010001110000111100000100011000000
0000011011100000000000000011000111110001000001100000010001100000
0000011011000000000000000000111111000101000000000000010000100000
0000011110000000000000000000101100000100000001000000010000010100
0000001110000000000000000000010001100000000000000000010000001100
0000011100000000000000000000101110000000011100000101100000000000
0000011100000000000000000000101000000000100000011000000000000000
0000001000000000010000000000111001000000000100000000000000000000
0000011000000000100000000000000001100000101000000000000000000000
0000001000001101000000000000000000000000000000000000111000000000
0000010000000010000000000000000000000000000100000011010100000000
0010010010011001111000000000000000000000011010001010000010000000
0101001110001100011000000000000000000001001011001000000100100100
0101000000000000000000000000000000000000110000001000000001000010
0010000000010000000000000000000000000011000000000100010010000001
0000000000000000000010000000110110000010000000000001100010000000
0000000001100000000110000001000110000000000000000000000001011011
0000000001110000001010110001011000000000001110100001000001001100
0000000100011000011000100000000000001100001000100010100000110000
0000000101111000011000000000100000011100001001000100100000000000
0000000000001000011101000000100000110011000010000100100000000000
0000000010110000001011000000000000000000000000000111000010000000
0000000010010000000110111001000000000000000000000000110010000000
0000000001000000001010001010000000000010000000100001000010111000
0000000000100100001011100000000000000010000000100000000011111000
0111000000000000000110000000000000000000000000100000000011100000
0101000000001110000110010000000110000000000000000000000101000000
0000000000000010001100001100001000100100000000000000000110000000
1110000000000000110110000000000001000110000000000000010000000000
1000000000000000010001100000011100000100000000000000001110000000
0000000000000000111001111110000000000000000000000000000100000000
0000000000000001101000001111000000111111100000000000000000000000
0000000000001001111000000000001011001110000000000000000000000000
0000011000011110101010001100000000010111100001000000000000000000
0000000000010110000010001000000000000000000001100000000000000000
0011000000000000000001100000111111110000000101110000000000000000
0001111000000000000101000110000000110000001011100000000000111000
0000011000001100011010011110000001000000000111000000000000001000
0000000001000010000110011101000111000000000010000000000000011000
0000000001110100000010011010000000000000000000000000000000000000